1735.94
1743.26
1737.56
1704.28
1631.97
1732.26
1714.22
1736.47
1713.13
1719.57
2000.00
2005.25
2101.87
1980.75
2044.31
1939.54
1953.31
1974.59
1947.89
1961.20
2274.56
2254.90
2165.64
2191.94
2190.55
2163.50
2279.93
2170.87
2230.15
2139.85
2236.50
2180.93
2192.94
2200.58
2197.65
2248.64
2232.16
2297.90
2269.91
2260.94
2260.18
2226.29
2234.66
2200.89
2219.24
2226.33
2230.51
2334.53
2214.19
2224.56
2245.95
2279.83
2295.15
2306.31
2311.28
2275.98
2205.95
2253.52
2255.56
2297.90
2333.86
2274.92
2326.17
2297.46
2304.47
2279.61
2261.23
2334.00
2231.64
2330.24
